11
58
0 1
1.095378e+00 2.363731e-01 -2.418583e+01 -1.162075e-01 1.076036e+00 -3.656578e+00 -4.548540e-04 -1.443922e-04 1.000000e+00
0.000000e+00 0.000000e+00 0.000000e+00 0.000000e+00 0.000000e+00 0.000000e+00 0.000000e+00 0.000000e+00 0.000000e+00
7.2058823529411764e-01
147
0
0 2
9.476231e-01 2.529939e-01 -4.341617e+01 -1.882105e-01 9.791025e-01 1.715233e+00 -1.796836e-03 -1.054574e-03 1.000000e+00
0.000000e+00 0.000000e+00 0.000000e+00 0.000000e+00 0.000000e+00 0.000000e+00 0.000000e+00 0.000000e+00 0.000000e+00
8.7610619469026552e-01
99
0
0 3
8.343555e-01 3.002912e-01 -5.905161e+01 -4.075041e-01 9.014153e-01 3.071160e+01 -1.835248e-03 -4.653356e-04 1.000000e+00
0.000000e+00 0.000000e+00 0.000000e+00 0.000000e+00 0.000000e+00 0.000000e+00 0.000000e+00 0.000000e+00 0.000000e+00
9.7560975609756095e-01
40
0
0 5
9.540297e-01 -2.657769e-01 8.081146e+01 1.041019e-01 1.073055e+00 1.551675e+01 3.980345e-04 -1.997808e-04 1.000000e+00
0.000000e+00 0.000000e+00 0.000000e+00 0.000000e+00 0.000000e+00 0.000000e+00 0.000000e+00 0.000000e+00 0.000000e+00
7.0909090909090911e-01
78
0
0 7
1.028919e+00 1.504896e-01 -2.203169e+01 -4.304195e-02 1.063362e+00 -5.765052e+01 -4.422902e-04 -8.772080e-04 1.000000e+00
0.000000e+00 0.000000e+00 0.000000e+00 0.000000e+00 0.000000e+00 0.000000e+00 0.000000e+00 0.000000e+00 0.000000e+00
8.1818181818181823e-01
135
0
0 9
1.200733e+00 -3.218008e-02 -6.165835e+01 1.465994e-01 1.112132e+00 3.240388e+01 -1.369103e-03 5.453663e-04 1.000000e+00
0.000000e+00 0.000000e+00 0.000000e+00 0.000000e+00 0.000000e+00 0.000000e+00 0.000000e+00 0.000000e+00 0.000000e+00
8.6238532110091748e-01
94
0
0 10
1.259857e+00 7.758375e-02 4.684432e+01 -2.677912e-01 9.636777e-01 9.224071e+01 -5.655780e-04 4.686032e-04 1.000000e+00
0.000000e+00 0.000000e+00 0.000000e+00 0.000000e+00 0.000000e+00 0.000000e+00 0.000000e+00 0.000000e+00 0.000000e+00
7.4603174603174605e-01
47
0
1 0
9.009824e-01 -1.950905e-01 2.107764e+01 9.874346e-02 9.084118e-01 5.709871e+00 4.240733e-04 4.242985e-05 1.010412e+00
0.000000e+00 0.000000e+00 0.000000e+00 0.000000e+00 0.000000e+00 0.000000e+00 0.000000e+00 0.000000e+00 0.000000e+00
0.0000000000000000e+00
0
0
1 2
7.470057e-01 1.372613e-01 -1.716559e+01 -1.160888e-01 8.535500e-01 9.468714e-02 -5.897648e-04 2.444863e-04 1.000000e+00
0.000000e+00 0.000000e+00 0.000000e+00 0.000000e+00 0.000000e+00 0.000000e+00 0.000000e+00 0.000000e+00 0.000000e+00
7.9333333333333333e-01
119
0
1 3
8.642434e-01 2.689546e-01 -3.670997e+01 -2.491345e-01 1.056193e+00 3.336409e+01 -2.593084e-03 -1.445114e-03 1.000000e+00
0.000000e+00 0.000000e+00 0.000000e+00 0.000000e+00 0.000000e+00 0.000000e+00 0.000000e+00 0.000000e+00 0.000000e+00
9.2682926829268297e-01
38
0
1 5
9.120825e-01 -1.193943e-01 1.153115e+02 1.855556e-01 9.147615e-01 2.315948e+01 1.408081e-03 -9.280872e-06 1.000000e+00
0.000000e+00 0.000000e+00 0.000000e+00 0.000000e+00 0.000000e+00 0.000000e+00 0.000000e+00 0.000000e+00 0.000000e+00
7.7777777777777779e-01
28
0
1 7
9.396598e-01 -4.414416e-02 2.481957e+00 2.576573e-02 8.997186e-01 -5.499115e+01 1.491355e-04 -2.507262e-04 1.000000e+00
0.000000e+00 0.000000e+00 0.000000e+00 0.000000e+00 0.000000e+00 0.000000e+00 0.000000e+00 0.000000e+00 0.000000e+00
7.0283018867924529e-01
149
0
1 8
8.752054e-01 -2.290040e-02 2.678661e+01 3.918422e-02 6.497900e-01 -8.138942e+01 6.737016e-04 -3.089933e-04 1.000000e+00
0.000000e+00 0.000000e+00 0.000000e+00 0.000000e+00 0.000000e+00 0.000000e+00 0.000000e+00 0.000000e+00 0.000000e+00
7.1999999999999997e-01
18
0
1 9
1.029824e+00 -1.158002e-01 -2.835994e+01 2.515392e-01 9.889081e-01 4.218366e+01 -3.144917e-04 8.163568e-04 1.000000e+00
0.000000e+00 0.000000e+00 0.000000e+00 0.000000e+00 0.000000e+00 0.000000e+00 0.000000e+00 0.000000e+00 0.000000e+00
8.3333333333333337e-01
125
0
1 10
1.104166e+00 -9.665539e-02 7.880745e+01 -7.996449e-02 9.451898e-01 9.433315e+01 2.015626e-04 5.073616e-04 1.000000e+00
0.000000e+00 0.000000e+00 0.000000e+00 0.000000e+00 0.000000e+00 0.000000e+00 0.000000e+00 0.000000e+00 0.000000e+00
8.2894736842105265e-01
63
0
2 0
1.100451e+00 -2.324601e-01 4.817611e+01 2.076895e-01 9.755877e-01 7.343722e+00 2.196354e-03 6.111364e-04 1.094309e+00
0.000000e+00 0.000000e+00 0.000000e+00 0.000000e+00 0.000000e+00 0.000000e+00 0.000000e+00 0.000000e+00 0.000000e+00
0.0000000000000000e+00
0
0
2 1
1.322554e+00 -2.191916e-01 2.272318e+01 1.797950e-01 1.141811e+00 2.978172e+00 7.360386e-04 -4.084287e-04 1.012673e+00
0.000000e+00 0.000000e+00 0.000000e+00 0.000000e+00 0.000000e+00 0.000000e+00 0.000000e+00 0.000000e+00 0.000000e+00
0.0000000000000000e+00
0
0
2 3
9.662370e-01 1.423052e-01 -1.783520e+01 -1.287739e-01 1.094579e+00 2.590776e+01 -7.141599e-04 -1.646017e-04 1.000000e+00
0.000000e+00 0.000000e+00 0.000000e+00 0.000000e+00 0.000000e+00 0.000000e+00 0.000000e+00 0.000000e+00 0.000000e+00
8.7142857142857144e-01
61
0
2 5
1.078191e+00 -4.387089e-01 1.230466e+02 4.065504e-01 9.592643e-01 3.053100e+01 3.271590e-03 -1.288754e-03 1.000000e+00
0.000000e+00 0.000000e+00 0.000000e+00 0.000000e+00 0.000000e+00 0.000000e+00 0.000000e+00 0.000000e+00 0.000000e+00
8.3870967741935487e-01
26
0
2 7
1.042051e+00 -2.248693e-01 1.926401e+01 5.141650e-02 7.532794e-01 -5.719869e+01 1.693797e-03 7.462765e-04 1.000000e+00
0.000000e+00 0.000000e+00 0.000000e+00 0.000000e+00 0.000000e+00 0.000000e+00 0.000000e+00 0.000000e+00 0.000000e+00
8.9814814814814814e-01
97
0
2 9
1.194390e+00 -3.236254e-01 -7.576883e+00 4.831469e-01 1.002698e+00 4.768745e+01 8.799060e-04 8.966904e-04 1.000000e+00
0.000000e+00 0.000000e+00 0.000000e+00 0.000000e+00 0.000000e+00 0.000000e+00 0.000000e+00 0.000000e+00 0.000000e+00
9.3137254901960786e-01
95
0
2 10
1.311638e+00 -2.374912e-01 9.813542e+01 3.763978e-01 1.090776e+00 1.023778e+02 2.253940e-03 9.926665e-04 1.000000e+00
0.000000e+00 0.000000e+00 0.000000e+00 0.000000e+00 0.000000e+00 0.000000e+00 0.000000e+00 0.000000e+00 0.000000e+00
8.9583333333333337e-01
43
0
3 0
1.203956e+00 -3.586893e-01 8.211148e+01 4.616741e-01 9.545084e-01 -2.051881e+00 2.424391e-03 -2.141170e-04 1.149740e+00
0.000000e+00 0.000000e+00 0.000000e+00 0.000000e+00 0.000000e+00 0.000000e+00 0.000000e+00 0.000000e+00 0.000000e+00
0.0000000000000000e+00
0
0
3 1
1.248685e+00 -2.441099e-01 5.398370e+01 1.838627e-01 8.695186e-01 -2.226110e+01 3.503649e-03 6.235562e-04 1.107814e+00
0.000000e+00 0.000000e+00 0.000000e+00 0.000000e+00 0.000000e+00 0.000000e+00 0.000000e+00 0.000000e+00 0.000000e+00
0.0000000000000000e+00
0
0
3 2
1.033607e+00 -1.310953e-01 2.183097e+01 1.037249e-01 8.968916e-01 -2.138650e+01 7.552338e-04 5.400684e-05 1.012071e+00
0.000000e+00 0.000000e+00 0.000000e+00 0.000000e+00 0.000000e+00 0.000000e+00 0.000000e+00 0.000000e+00 0.000000e+00
0.0000000000000000e+00
0
0
3 4
1.057950e+00 2.313192e-01 2.590667e+00 -1.854958e-01 1.293208e+00 -2.314386e+01 -6.777954e-04 1.151486e-04 1.000000e+00
0.000000e+00 0.000000e+00 0.000000e+00 0.000000e+00 0.000000e+00 0.000000e+00 0.000000e+00 0.000000e+00 0.000000e+00
6.6666666666666663e-01
24
0
3 5
1.010093e+00 -3.299117e-01 1.474434e+02 5.710518e-01 8.377993e-01 2.179127e+01 2.331025e-03 -3.377764e-05 1.000000e+00
0.000000e+00 0.000000e+00 0.000000e+00 0.000000e+00 0.000000e+00 0.000000e+00 0.000000e+00 0.000000e+00 0.000000e+00
8.0000000000000004e-01
16
0
4 3
9.127652e-01 -1.627226e-01 -6.130699e+00 1.417056e-01 7.464179e-01 1.690788e+01 6.023509e-04 -1.962416e-04 9.938977e-01
0.000000e+00 0.000000e+00 0.000000e+00 0.000000e+00 0.000000e+00 0.000000e+00 0.000000e+00 0.000000e+00 0.000000e+00
0.0000000000000000e+00
0
0
5 0
1.058672e+00 2.455770e-01 -8.936340e+01 -9.633487e-02 9.068879e-01 -6.286989e+00 -4.406339e-04 8.343065e-05 1.034314e+00
0.000000e+00 0.000000e+00 0.000000e+00 0.000000e+00 0.000000e+00 0.000000e+00 0.000000e+00 0.000000e+00 0.000000e+00
0.0000000000000000e+00
0
0
5 1
1.299557e+00 1.680578e-01 -1.537459e+02 -2.172306e-01 1.064832e+00 3.882264e-01 -1.831898e-03 -2.267565e-04 1.216490e+00
0.000000e+00 0.000000e+00 0.000000e+00 0.000000e+00 0.000000e+00 0.000000e+00 0.000000e+00 0.000000e+00 0.000000e+00
0.0000000000000000e+00
0
0
5 2
1.312922e+00 3.683032e-01 -1.727952e+02 -4.031878e-01 8.882877e-01 2.249056e+01 -4.814952e-03 -6.015251e-05 1.594300e+00
0.000000e+00 0.000000e+00 0.000000e+00 0.000000e+00 0.000000e+00 0.000000e+00 0.000000e+00 0.000000e+00 0.000000e+00
0.0000000000000000e+00
0
0
5 3
1.152078e+00 4.464288e-01 -1.795945e+02 -7.147884e-01 9.155760e-01 8.543925e+01 -2.709667e-03 -1.009711e-03 1.421525e+00
0.000000e+00 0.000000e+00 0.000000e+00 0.000000e+00 0.000000e+00 0.000000e+00 0.000000e+00 0.000000e+00 0.000000e+00
0.0000000000000000e+00
0
0
5 6
6.269470e-01 -2.609161e-01 2.447719e+01 2.468648e-01 9.124018e-01 -1.292491e+01 4.283260e-04 -2.475319e-04 1.000000e+00
0.000000e+00 0.000000e+00 0.000000e+00 0.000000e+00 0.000000e+00 0.000000e+00 0.000000e+00 0.000000e+00 0.000000e+00
6.1904761904761907e-01
13
0
5 7
9.618751e-01 3.254176e-01 -1.070273e+02 -1.063603e-01 8.727874e-01 -6.058784e+01 -8.009417e-04 -9.974841e-04 1.000000e+00
0.000000e+00 0.000000e+00 0.000000e+00 0.000000e+00 0.000000e+00 0.000000e+00 0.000000e+00 0.000000e+00 0.000000e+00
6.1538461538461542e-01
24
0
5 9
1.318396e+00 1.332851e-01 -1.724006e+02 -6.043376e-02 8.221423e-01 1.950214e+01 -1.843219e-03 2.627779e-04 1.000000e+00
0.000000e+00 0.000000e+00 0.000000e+00 0.000000e+00 0.000000e+00 0.000000e+00 0.000000e+00 0.000000e+00 0.000000e+00
7.7777777777777779e-01
14
0
6 5
1.455153e+00 4.078918e-01 -3.034609e+01 -4.039605e-01 9.866315e-01 2.263994e+01 -7.232730e-04 6.951210e-05 1.018602e+00
0.000000e+00 0.000000e+00 0.000000e+00 0.000000e+00 0.000000e+00 0.000000e+00 0.000000e+00 0.000000e+00 0.000000e+00
0.0000000000000000e+00
0
0
7 0
9.727139e-01 -1.259731e-01 1.416812e+01 6.582805e-02 9.788459e-01 5.788128e+01 4.879667e-04 8.029348e-04 1.057040e+00
0.000000e+00 0.000000e+00 0.000000e+00 0.000000e+00 0.000000e+00 0.000000e+00 0.000000e+00 0.000000e+00 0.000000e+00
0.0000000000000000e+00
0
0
7 1
1.062746e+00 5.220804e-02 2.332890e-01 -4.074603e-02 1.126755e+00 6.206266e+01 -1.687093e-04 2.747209e-04 1.015526e+00
0.000000e+00 0.000000e+00 0.000000e+00 0.000000e+00 0.000000e+00 0.000000e+00 0.000000e+00 0.000000e+00 0.000000e+00
0.0000000000000000e+00
0
0
7 2
9.487695e-01 2.851743e-01 -1.965513e+00 -1.767690e-01 1.203204e+00 7.222697e+01 -1.475104e-03 -1.380950e-03 9.494279e-01
0.000000e+00 0.000000e+00 0.000000e+00 0.000000e+00 0.000000e+00 0.000000e+00 0.000000e+00 0.000000e+00 0.000000e+00
0.0000000000000000e+00
0
0
7 5
1.089510e+00 -2.932620e-01 9.883924e+01 2.077322e-01 1.175078e+00 9.342848e+01 1.079844e-03 9.372363e-04 1.172358e+00
0.000000e+00 0.000000e+00 0.000000e+00 0.000000e+00 0.000000e+00 0.000000e+00 0.000000e+00 0.000000e+00 0.000000e+00
0.0000000000000000e+00
0
0
7 8
1.078342e+00 7.833946e-02 3.400216e+01 -2.991677e-02 1.018638e+00 -2.274761e+01 -1.387416e-04 -7.997487e-04 1.000000e+00
0.000000e+00 0.000000e+00 0.000000e+00 0.000000e+00 0.000000e+00 0.000000e+00 0.000000e+00 0.000000e+00 0.000000e+00
4.7107438016528924e-01
57
0
7 9
1.137021e+00 -9.238508e-02 -3.415580e+01 -6.411246e-03 1.084178e+00 9.850642e+01 -5.446119e-04 1.156900e-03 1.000000e+00
0.000000e+00 0.000000e+00 0.000000e+00 0.000000e+00 0.000000e+00 0.000000e+00 0.000000e+00 0.000000e+00 0.000000e+00
8.3333333333333337e-01
100
0
7 10
1.115843e+00 -6.646119e-03 7.130332e+01 -1.409395e-01 1.149922e+00 1.584357e+02 -4.319565e-04 1.076318e-03 1.000000e+00
0.000000e+00 0.000000e+00 0.000000e+00 0.000000e+00 0.000000e+00 0.000000e+00 0.000000e+00 0.000000e+00 0.000000e+00
8.2692307692307687e-01
43
0
8 1
1.163656e+00 2.724243e-02 -2.895316e+01 -1.751450e-01 1.596819e+00 1.346557e+02 -8.380757e-04 4.750530e-04 1.061113e+00
0.000000e+00 0.000000e+00 0.000000e+00 0.000000e+00 0.000000e+00 0.000000e+00 0.000000e+00 0.000000e+00 0.000000e+00
0.0000000000000000e+00
0
0
8 7
9.203458e-01 -9.708326e-02 -3.350216e+01 3.042487e-02 9.963451e-01 2.162996e+01 1.520225e-04 7.833562e-04 1.012650e+00
0.000000e+00 0.000000e+00 0.000000e+00 0.000000e+00 0.000000e+00 0.000000e+00 0.000000e+00 0.000000e+00 0.000000e+00
0.0000000000000000e+00
0
0
8 9
9.633280e-01 -2.428255e-01 -7.216265e+01 -4.551514e-02 1.303216e+00 1.418392e+02 -1.369422e-04 2.109923e-03 1.000000e+00
0.000000e+00 0.000000e+00 0.000000e+00 0.000000e+00 0.000000e+00 0.000000e+00 0.000000e+00 0.000000e+00 0.000000e+00
7.8260869565217395e-01
18
0
9 0
8.960060e-01 -1.184055e-03 5.528463e+01 -1.563369e-01 9.138988e-01 -3.925335e+01 1.311985e-03 -5.000307e-04 1.097098e+00
0.000000e+00 0.000000e+00 0.000000e+00 0.000000e+00 0.000000e+00 0.000000e+00 0.000000e+00 0.000000e+00 0.000000e+00
0.0000000000000000e+00
0
0
9 1
9.554666e-01 9.274499e-02 2.318465e+01 -2.650818e-01 1.021970e+00 -5.062813e+01 5.168876e-04 -8.051244e-04 1.048622e+00
0.000000e+00 0.000000e+00 0.000000e+00 0.000000e+00 0.000000e+00 0.000000e+00 0.000000e+00 0.000000e+00 0.000000e+00
0.0000000000000000e+00
0
0
9 2
7.425710e-01 2.450886e-01 -6.061274e+00 -3.412850e-01 9.290920e-01 -4.689190e+01 -3.473657e-04 -1.048763e-03 1.047381e+00
0.000000e+00 0.000000e+00 0.000000e+00 0.000000e+00 0.000000e+00 0.000000e+00 0.000000e+00 0.000000e+00 0.000000e+00
0.0000000000000000e+00
0
0
9 5
9.940593e-01 -2.172869e-01 1.756140e+02 2.979321e-02 1.217452e+00 -1.860655e+01 1.824440e-03 -7.204268e-04 1.328584e+00
0.000000e+00 0.000000e+00 0.000000e+00 0.000000e+00 0.000000e+00 0.000000e+00 0.000000e+00 0.000000e+00 0.000000e+00
0.0000000000000000e+00
0
0
9 7
8.920658e-01 4.861159e-02 2.568067e+01 -4.343167e-02 1.028332e+00 -1.027807e+02 5.360758e-04 -1.163203e-03 1.132893e+00
0.000000e+00 0.000000e+00 0.000000e+00 0.000000e+00 0.000000e+00 0.000000e+00 0.000000e+00 0.000000e+00 0.000000e+00
0.0000000000000000e+00
0
0
9 8
1.051423e+00 9.485084e-02 6.241989e+01 2.732522e-02 9.985340e-01 -1.396594e+02 8.633004e-05 -2.093841e-03 1.303218e+00
0.000000e+00 0.000000e+00 0.000000e+00 0.000000e+00 0.000000e+00 0.000000e+00 0.000000e+00 0.000000e+00 0.000000e+00
0.0000000000000000e+00
0
0
9 10
1.009302e+00 -9.135245e-02 1.064428e+02 -7.830475e-02 9.749838e-01 5.672833e+01 4.135942e-04 -5.039112e-05 1.000000e+00
0.000000e+00 0.000000e+00 0.000000e+00 0.000000e+00 0.000000e+00 0.000000e+00 0.000000e+00 0.000000e+00 0.000000e+00
7.0312500000000000e-01
90
0
10 0
7.695956e-01 -4.651448e-02 -3.176065e+01 1.802825e-01 1.075525e+00 -1.076524e+02 3.507853e-04 -5.303020e-04 1.032483e+00
0.000000e+00 0.000000e+00 0.000000e+00 0.000000e+00 0.000000e+00 0.000000e+00 0.000000e+00 0.000000e+00 0.000000e+00
0.0000000000000000e+00
0
0
10 1
9.317844e-01 1.418859e-01 -8.681610e+01 1.027791e-01 1.130069e+00 -1.147027e+02 -2.399590e-04 -6.019527e-04 1.075695e+00
0.000000e+00 0.000000e+00 0.000000e+00 0.000000e+00 0.000000e+00 0.000000e+00 0.000000e+00 0.000000e+00 0.000000e+00
0.0000000000000000e+00
0
0
10 2
8.773785e-01 2.970634e-01 -1.165146e+02 -1.291869e-01 9.672294e-01 -8.634503e+01 -1.849319e-03 -1.629699e-03 1.348329e+00
0.000000e+00 0.000000e+00 0.000000e+00 0.000000e+00 0.000000e+00 0.000000e+00 0.000000e+00 0.000000e+00 0.000000e+00
0.0000000000000000e+00
0
0
10 7
8.768316e-01 7.465833e-02 -7.434955e+01 6.490964e-02 1.026565e+00 -1.672729e+02 3.088897e-04 -1.072661e-03 1.147923e+00
0.000000e+00 0.000000e+00 0.000000e+00 0.000000e+00 0.000000e+00 0.000000e+00 0.000000e+00 0.000000e+00 0.000000e+00
0.0000000000000000e+00
0
0
10 9
1.045666e+00 9.195288e-02 -1.165199e+02 1.088259e-01 1.032230e+00 -7.014039e+01 -4.269975e-04 1.398402e-05 1.044658e+00
0.000000e+00 0.000000e+00 0.000000e+00 0.000000e+00 0.000000e+00 0.000000e+00 0.000000e+00 0.000000e+00 0.000000e+00
0.0000000000000000e+00
0
0
684
3 0 18 1 21 9 22
3 0 21 1 30 7 21
3 0 22 1 32 2 45
2 0 23 1 33
2 0 28 1 18
4 0 31 5 22 7 43 10 23
2 0 41 7 68
7 0 44 1 42 2 53 5 21 7 40 9 35 10 21
2 0 64 1 51
2 0 65 1 75
5 0 72 1 78 7 94 5 80 8 78
3 0 74 5 55 6 98
4 0 75 1 82 5 53 7 69
6 0 76 1 83 5 54 7 70 9 74 2 163
4 0 77 1 87 7 73 8 90
2 0 78 1 88
4 0 79 1 90 7 105 2 117
2 0 83 1 127
2 0 87 1 70
2 0 94 1 105
2 0 96 1 107
2 0 103 1 110
2 0 107 7 129
2 0 117 5 124
4 0 129 1 144 5 103 10 136
3 0 133 1 146 7 123
2 0 144 5 83
2 0 148 9 151
4 0 150 1 168 9 149 10 121
6 0 151 5 118 7 177 1 171 8 239 2 235
6 0 154 1 172 2 166 3 167 7 180 9 110
6 0 155 1 177 7 135 2 240 9 154 8 126
3 0 160 1 183 5 125
5 0 161 1 182 2 242 7 189 8 171
3 0 162 9 163 10 126
6 0 163 1 181 2 241 7 190 9 164 8 241
2 0 165 1 184
2 0 166 1 185
6 0 167 1 125 2 173 3 174 7 137 8 174
2 0 184 1 138
2 0 186 5 138
3 0 206 5 116 6 175
2 0 211 1 163
3 0 214 1 228 7 251
6 0 216 1 229 2 230 5 149 7 175 9 145
4 0 222 2 233 3 231 7 181
2 0 223 5 155
6 0 229 1 245 5 157 7 269 9 347 10 197
3 0 231 1 248 2 322
2 0 242 1 254
2 0 245 2 261
4 0 246 7 206 1 195 8 197
2 0 250 7 208
2 0 256 5 183
2 0 259 7 157
2 0 283 1 212
2 0 284 1 213
3 0 297 1 327 9 326
2 0 300 1 232
7 0 302 1 326 2 394 5 343 7 254 9 232 3 587
9 0 311 1 241 2 307 3 440 5 359 7 258 9 238 10 187 8 338
6 0 314 1 242 3 444 5 235 7 263 9 244
3 0 315 9 243 10 191
3 0 316 9 493 10 192
7 0 317 1 345 2 309 5 240 7 265 9 248 10 194
5 0 319 5 364 7 535 1 498 8 514
3 0 320 1 346 7 270
8 0 321 1 349 2 431 5 239 7 272 9 344 10 307 8 245
6 0 322 1 352 5 241 7 275 10 201 8 246
3 0 323 1 350 2 429
2 0 327 1 358
3 0 332 1 373 2 455
2 0 333 1 374
3 0 338 1 256 2 257
4 0 340 2 1213 5 133 1 536
2 0 344 1 387
4 0 351 1 266 5 289 7 210
3 0 352 1 268 7 214
2 0 372 5 457
3 0 403 1 285 2 352
2 0 407 1 429
3 0 411 1 208 2 202
2 0 412 1 300
2 0 420 1 302
2 0 424 1 448
3 0 426 1 454 7 249
7 0 439 1 467 2 602 7 481 9 323 10 280 8 704
2 0 440 5 339
3 0 445 5 341 2 627
9 0 449 1 336 2 402 3 595 5 350 7 353 9 332 10 290 8 481
6 0 450 1 474 5 351 7 356 9 333 2 401
9 0 451 1 338 2 400 3 435 5 354 7 358 9 335 10 292 8 484
2 0 452 5 355
8 0 454 1 340 2 404 3 602 5 357 7 359 9 337 10 295
9 0 455 1 341 2 403 3 601 5 358 7 360 9 338 10 296 8 486
3 0 456 9 481 1 489
3 0 457 2 408 5 361
5 0 458 1 342 2 409 7 362 9 341
3 0 460 3 606 5 551
5 0 461 1 480 2 405 7 363 9 342
6 0 462 1 481 2 406 3 607 7 364 9 343
10 0 463 1 343 2 411 5 362 7 366 9 345 10 299 3 443 8 494 4 392
7 0 464 1 483 2 631 7 509 9 501 8 741 3 609
8 0 467 1 488 2 414 5 554 7 368 9 348 10 303 3 613
7 0 469 1 492 2 412 3 612 9 351 7 369 5 555
4 0 472 1 508 5 365 2 653
2 0 477 1 353
3 0 481 2 658 1 513
2 0 483 1 359
2 0 484 1 361
3 0 488 9 365 10 308
3 0 489 9 366 10 309
4 0 494 1 356 9 370 10 313
5 0 495 1 357 2 310 9 371 10 314
2 0 498 7 390
2 0 501 7 388
2 0 516 5 592
2 0 517 5 842
2 0 522 2 464
2 0 524 1 537
2 0 525 1 727
3 0 526 7 403 5 277
2 0 529 7 590
3 0 532 1 551 2 485
2 0 537 1 200
5 0 542 2 914 5 434 1 741 7 584
2 0 568 1 587
3 0 590 7 442 8 434
2 0 626 2 563
4 0 630 1 627 7 474 2 1083
3 0 632 5 509 7 642
5 0 635 1 639 10 401 2 812 5 522
6 0 636 1 646 2 818 5 524 7 480 9 464
5 0 640 1 640 7 654 9 474 8 1023
4 0 641 1 641 9 475 8 1024
2 0 643 1 325
6 0 644 1 642 2 805 7 655 8 1025 9 604
8 0 646 1 662 5 529 7 491 9 603 2 1142 10 569 8 493
5 0 648 2 819 7 485 10 417 8 703
4 0 651 2 603 7 486 1 473
7 0 652 1 651 7 489 2 817 3 790 9 480 8 710
7 0 653 2 598 5 537 7 490 1 472 9 482 10 287
6 0 654 2 599 3 581 7 492 9 484 10 419
6 0 655 1 659 2 837 3 813 7 677 9 624
6 0 656 1 660 2 838 3 814 7 678 9 625
9 0 657 1 663 5 758 9 627 2 841 3 818 7 679 10 592 8 1060
9 0 658 1 664 2 842 3 819 5 759 7 680 9 628 10 593 8 1061
6 0 660 2 601 7 493 1 657 3 791 9 486
6 0 663 2 608 3 590 5 544 7 494 9 487
6 0 664 1 661 2 609 3 592 7 495 9 488
7 0 665 2 607 7 499 1 475 8 487 9 491 10 423
5 0 666 1 477 7 361 9 339 10 294
6 0 667 1 669 2 610 9 492 7 698 10 425
8 0 669 2 619 3 812 7 501 9 494 1 670 10 426 8 728
7 0 670 2 620 3 811 1 671 7 502 9 495 8 729
7 0 671 1 478 2 625 7 504 9 496 10 430 5 548
8 0 672 1 679 2 862 5 773 7 503 10 431 3 835 8 723
8 0 673 1 678 2 629 3 832 5 549 7 506 9 498 10 616
4 0 674 2 623 5 778 7 507
8 0 675 1 479 2 624 5 779 7 508 9 500 10 429 3 825
6 0 676 1 494 2 643 7 520 9 489 8 758
7 0 677 1 686 2 867 5 784 7 514 9 657 10 623
4 0 678 2 868 3 846 9 658
7 0 679 1 485 2 628 5 788 7 516 9 504 3 603
8 0 680 1 689 2 635 3 838 5 789 7 521 10 625 8 749
6 0 681 1 690 2 634 3 837 5 790 7 522
4 0 682 1 491 2 632 7 525
3 0 683 2 633 7 526
4 0 684 2 636 7 529 9 508
5 0 685 2 637 7 530 9 509 8 504
2 0 689 1 699
2 0 703 5 591
2 0 704 1 528
3 0 705 5 853 7 400
2 0 707 5 412
2 0 710 7 567
5 0 711 1 731 5 610 7 564 8 811
3 0 713 5 421 7 771
2 0 715 5 613
2 0 719 7 574
2 0 721 7 579
6 0 725 1 740 7 585 10 684 2 913 5 623
2 0 726 10 683
2 0 765 1 752
2 0 790 5 685
4 0 808 1 813 2 775 7 627
2 0 809 1 814
6 0 816 1 836 2 1066 5 719 7 636 9 584
3 0 817 1 620 2 777
3 0 819 2 801 5 731
3 0 820 2 802 9 590
4 0 822 5 514 2 1097 6 731
2 0 823 2 1096
6 0 826 1 1147 7 901 8 1046 9 957 5 1100
7 0 829 1 634 5 526 7 650 9 470 10 546 8 1014
6 0 830 1 635 5 527 9 471 7 651 8 1015
3 0 832 1 856 9 775
4 0 833 3 1094 5 751 1 857
6 0 835 2 804 7 657 9 605 1 862 10 558
8 0 836 1 863 2 1072 3 1091 5 1015 7 913 9 606 10 559
4 0 839 1 890 5 528 7 666
5 0 840 1 889 7 667 9 768 8 1082
7 0 842 2 1107 7 668 9 612 10 574 1 880 5 1023
7 0 843 7 669 9 613 10 575 1 654 2 1108 3 1115
5 0 844 1 650 3 789 10 573 8 707
4 0 846 2 1120 5 1025 3 1121
3 0 847 1 883 5 1026
5 0 849 1 885 7 671 9 615 2 1124
6 0 850 1 887 5 1029 7 674 9 619 10 581
6 0 851 1 888 2 1123 7 675 9 620 10 582
7 0 852 1 891 7 939 9 622 2 1122 10 583 3 1119
6 0 854 1 658 2 827 9 629 7 682 10 585
3 0 855 7 684 9 632
8 0 856 1 899 2 1130 7 685 9 633 10 594 5 1031 8 1062
8 0 857 1 896 2 834 3 1123 5 765 7 687 9 634 10 800
5 0 858 1 900 2 844 7 688 9 636
6 0 859 1 901 2 845 7 689 9 637 10 600
3 0 860 2 824 9 635
6 0 861 1 897 2 830 7 954 9 639 3 803
7 0 862 1 898 2 831 3 804 7 955 9 640 10 803
8 0 863 1 903 5 1044 7 691 9 641 2 1126 3 1126 10 806
2 0 864 5 1045
9 0 866 1 666 2 828 3 801 5 769 7 696 9 642 10 595 8 1076
8 0 867 1 667 2 829 3 802 7 697 9 643 10 597 8 1077
7 0 869 2 833 5 1056 7 699 9 646 1 905 10 606
8 0 870 1 910 2 1135 5 1051 7 700 9 813 10 610 8 1078
3 0 871 1 911 2 1136
8 0 872 1 909 2 852 3 1146 5 1054 7 702 9 648 10 611
8 0 873 2 849 3 1136 7 704 9 649 10 612 1 676 5 1060
7 0 874 1 677 2 850 3 1137 7 705 9 650 10 613
8 0 875 7 706 9 651 1 912 8 734 10 615 2 1132 3 1133
6 0 876 2 863 5 780 7 707 3 839 10 618
8 0 877 1 914 2 848 3 1131 7 709 9 652 10 614 8 738
8 0 879 1 682 2 851 3 822 5 785 7 712 9 653 10 617
7 0 880 1 684 2 859 3 829 7 714 9 654 8 1093
8 0 881 1 917 2 858 5 787 7 715 9 655 3 828 8 1098
6 0 887 1 697 7 729 9 661 10 629 8 762
3 0 890 5 796 10 835
2 0 894 5 1095
2 0 899 1 704
4 0 905 9 530 1 707 7 747
2 0 908 10 644
5 0 911 7 1044 9 688 10 647 2 460
4 0 912 1 710 7 750 10 650
3 0 919 7 556 10 652
2 0 923 5 850
2 0 924 5 851
2 0 925 10 657
2 0 932 1 1280
4 0 933 1 957 7 1065 10 873
5 0 934 1 724 7 760 9 702 10 665
3 0 935 5 858 7 763
3 0 936 5 859 7 764
3 0 939 5 862 7 562
5 0 942 1 967 5 864 7 765 6 925
2 0 944 7 768
4 0 945 5 612 7 769 6 467
2 0 946 5 867
2 0 952 7 781
3 0 966 7 629 8 736
3 0 971 7 855 8 740
2 0 980 7 635
2 0 1002 10 473
3 0 1015 5 664 6 674
3 0 1019 1 1071 7 815
5 0 1041 1 1089 5 947 7 831 8 942
2 0 1053 1 838
2 0 1055 1 1084
3 0 1056 1 1086 7 838
2 0 1058 1 803
2 0 1059 1 817
2 0 1067 7 988
2 0 1068 7 989
2 0 1069 7 719
5 0 1073 1 844 3 1104 10 537 9 593
4 0 1079 1 846 7 888 9 759
4 0 1085 1 1145 7 899 10 769
6 0 1087 1 869 2 1103 7 906 9 763 10 772
2 0 1090 5 1006
2 0 1094 1 1117
2 0 1097 2 1080
7 0 1098 2 1081 3 1099 7 900 1 852 9 767 10 554
2 0 1101 1 1119
5 0 1104 1 855 2 1078 7 902 9 769
4 0 1105 1 854 7 903 9 771
4 0 1109 1 860 7 910 9 777
4 0 1110 1 866 2 1077 3 1098
2 0 1118 1 849
6 0 1121 1 877 2 1101 7 665 9 610 8 1047
5 0 1122 1 878 2 1102 8 1048 10 571
7 0 1123 1 879 7 935 9 799 2 1095 3 1105 10 791
2 0 1125 5 1037
4 0 1128 2 1118 7 942 9 803
3 0 1129 7 943 9 804
6 0 1130 1 902 2 1129 7 946 9 808 10 598
4 0 1131 2 1113 7 951 9 809
6 0 1132 1 1162 2 1114 7 952 9 810 10 1039
5 0 1133 1 904 7 953 9 811 10 805
2 0 1135 7 961
3 0 1136 5 1050 7 960
4 0 1139 1 1173 9 1014 10 1046
3 0 1140 10 1047 1 1174
5 0 1142 1 1179 2 1144 5 1057 9 1016
2 0 1145 3 1148
4 0 1149 5 1042 9 1005 7 996
5 0 1151 1 1183 2 1140 9 818 7 981
5 0 1152 1 1184 2 1141 7 982 9 819
3 0 1153 3 1144 9 822
7 0 1154 1 920 2 1138 7 985 9 823 10 820 3 1145
6 0 1155 1 927 2 1149 7 984 9 821 5 1064
7 0 1156 5 1065 9 820 10 827 1 926 7 983 2 1148
6 0 1158 1 922 2 860 5 1072 7 986 9 825
6 0 1159 1 923 2 861 5 1073 7 987 9 826
4 0 1162 1 1203 2 878 10 231
2 0 1163 1 1204
2 0 1166 5 1067
4 0 1171 1 1220 7 1012 8 1146
3 0 1172 1 1221 7 1013
2 0 1186 1 944
2 0 1190 1 1237
2 0 1193 10 1083
4 0 1200 1 950 5 845 7 751
4 0 1201 7 554 10 862 8 558
2 0 1202 5 844
2 0 1210 5 1128
4 0 1218 1 1270 7 1062 10 1102
2 0 1219 1 1272
2 0 1221 7 1070
2 0 1231 5 1135
4 0 1233 1 1304 5 865 7 1078
2 0 1236 5 1138
2 0 1238 5 1141
5 0 1241 1 976 7 1088 10 887 9 887
2 1 7 7 8
2 1 11 7 13
3 1 22 2 58 9 21
2 1 34 2 22
3 1 43 2 57 7 25
2 1 50 7 49
2 1 60 7 71
2 1 77 7 96
2 1 81 7 72
2 1 97 7 76
2 1 112 7 90
2 1 113 7 131
2 1 114 7 132
2 1 119 7 100
2 1 129 7 144
2 1 156 2 210
2 1 157 7 248
2 1 176 9 157
2 1 179 9 156
2 1 180 9 166
2 1 188 7 197
2 1 191 7 201
3 1 197 2 329 9 188
2 1 209 2 204
2 1 216 7 161
2 1 218 7 238
2 1 220 7 171
2 1 226 2 297
2 1 227 2 226
6 1 240 5 233 7 261 9 241 8 339 10 188
6 1 243 2 308 7 267 9 250 10 198 5 242
6 1 244 2 314 7 266 9 240 8 351 10 190
2 1 246 7 192
4 1 247 2 239 7 198 9 170
2 1 260 2 263
2 1 261 2 264
2 1 264 2 330
2 1 267 7 322
2 1 289 2 380
2 1 296 2 381
2 1 315 7 169
5 1 334 2 398 7 256 9 331 10 288
5 1 335 2 399 5 347 7 257 8 236
4 1 337 2 407 9 327 10 283
2 1 344 10 195
3 1 363 3 329 2 425
2 1 368 2 319
2 1 371 9 375
4 1 372 2 457 5 264 7 293
2 1 379 9 383
2 1 388 7 307
2 1 422 2 536
2 1 436 7 222
2 1 447 2 576
2 1 452 7 472
2 1 455 7 468
2 1 466 7 498
5 1 471 2 604 7 351 9 479 10 418
3 1 486 7 517 9 505
5 1 493 7 370 9 352 2 413 10 306
2 1 500 9 357
2 1 501 2 612
2 1 510 9 364
3 1 521 7 553 8 559
2 1 543 2 901
2 1 570 7 601
2 1 578 7 647
2 1 579 7 649
2 1 624 5 712
2 1 626 2 808
4 1 638 2 806 3 775 9 601
2 1 652 10 572
5 1 655 2 821 7 672 9 616 10 578
5 1 656 2 820 7 673 9 617 10 579
2 1 680 3 836
4 1 681 2 622 7 510 9 502
2 1 685 7 513
4 1 687 2 865 9 659 7 717
3 1 688 2 866 9 660
2 1 691 7 515
2 1 698 5 375
5 1 706 2 1192 7 540 9 670 8 527
2 1 782 7 681
3 1 785 7 949 8 790
2 1 808 7 713
2 1 820 7 997
3 1 821 7 998 8 1215
2 1 832 8 809
2 1 833 7 1006
2 1 835 7 881
2 1 840 7 638
2 1 850 10 545
2 1 858 2 1075
3 1 859 7 652 9 598
3 1 882 7 931 9 800
3 1 893 2 1119 10 586
2 1 916 2 1139
2 1 919 5 1063
5 1 921 2 1143 5 1066 7 980 9 817
2 1 929 7 995
2 1 935 7 1028
2 1 941 7 1034
4 1 942 7 1036 9 686 10 631
2 1 945 3 864
2 1 951 7 1052
2 1 964 2 461
3 1 971 7 568 8 566
2 1 978 7 780
3 1 1024 7 914 8 1162
3 1 1054 7 933 8 1180
3 1 1078 7 975 8 1199
2 1 1085 7 824
3 1 1088 7 830 8 941
2 1 1090 2 1056
3 1 1102 7 852 8 953
2 1 1103 7 994
3 1 1105 7 999 8 805
2 1 1125 7 1008
3 1 1142 9 766 10 778
3 1 1143 9 779 10 786
3 1 1154 9 988 10 1036
2 1 1155 9 989
2 1 1158 9 999
3 1 1159 9 993 10 1037
2 1 1166 9 1002
2 1 1168 9 1007
3 1 1169 9 1006 10 1041
2 1 1178 2 1133
2 1 1185 9 1023
2 1 1187 7 990
3 1 1188 9 1035 10 1059
3 1 1191 9 1037 10 1060
2 1 1200 7 993
2 1 1209 9 1050
2 1 1216 2 1156
3 1 1230 9 1072 7 375
2 1 1232 2 1150
4 1 1235 2 876 3 597 4 270
2 1 1242 9 1090
2 1 1244 9 1102
2 1 1248 9 1115
2 1 1263 7 1059
2 1 1269 9 878
3 1 1294 7 1077 8 820
2 1 1302 7 777
2 1 1308 7 1091
2 2 64 5 24
2 2 70 3 56
2 2 118 7 106
2 2 167 7 133
2 2 194 3 146
3 2 236 7 178 8 240
2 2 260 3 138
2 2 270 7 462
2 2 276 3 379
2 2 350 3 368
3 2 422 9 330 10 291
2 2 440 9 350
3 2 456 5 265 7 294
2 2 459 9 406
2 2 590 3 570
2 2 591 3 571
4 2 626 3 827 7 505 9 497
2 2 651 3 617
2 2 652 3 618
2 2 704 3 507
2 2 825 7 683
2 2 835 3 1124
3 2 840 7 484 8 483
3 2 869 3 847 5 781
3 2 872 9 526 10 636
2 2 879 10 232
2 2 880 7 511
4 2 894 7 537 9 662 8 521
3 2 903 3 1213 4 1068
3 2 1071 3 1090 4 711
2 2 1074 7 904
2 2 1127 3 1127
2 2 1188 3 1186
2 2 1204 3 637
2 2 1240 3 910
2 3 41 4 34
2 3 123 4 78
2 3 144 4 66
2 3 180 4 90
2 3 182 4 126
2 3 195 4 98
2 3 316 4 190
2 3 317 4 191
2 3 323 4 269
2 3 326 4 206
2 3 336 4 162
2 3 437 4 360
2 3 481 5 408
2 3 542 5 876
2 3 561 4 526
2 3 593 4 268
2 3 614 4 282
2 3 646 4 429
3 3 648 5 259 7 285
2 3 655 4 305
2 3 727 4 326
2 3 771 4 247
2 3 776 4 724
2 3 788 4 502
2 3 795 4 355
2 3 815 4 986
2 3 833 5 793
2 3 834 5 792
2 3 870 4 580
2 3 877 4 577
2 3 879 4 419
2 3 892 4 434
2 3 893 4 435
2 3 1061 4 642
2 3 1079 4 669
2 3 1185 5 561
2 3 1198 4 586
2 3 1200 4 587
2 5 123 6 141
2 5 169 7 220
2 5 171 6 192
2 5 292 6 247
2 5 349 6 427
2 5 390 6 301
2 5 423 6 324
2 5 425 6 327
2 5 426 6 326
2 5 543 6 586
2 5 571 7 386
2 5 604 6 623
2 5 701 6 764
2 5 726 6 771
2 5 813 7 539
2 5 848 9 1021
2 5 870 6 943
3 5 875 6 642 7 782
2 5 1062 9 1146
2 5 1078 6 851
2 7 34 8 28
2 7 93 8 120
2 7 95 8 79
2 7 136 8 173
2 7 138 8 134
2 7 188 8 170
2 7 194 8 247
2 7 200 8 183
2 7 236 8 220
2 7 310 8 195
3 7 347 8 474 9 461
3 7 384 9 355 10 300
2 7 401 8 268
2 7 438 8 423
2 7 459 8 452
2 7 460 8 655
2 7 476 8 513
2 7 479 8 529
2 7 482 8 700
2 7 487 10 414
2 7 488 10 415
2 7 532 8 1114
2 7 543 8 391
2 7 558 8 374
2 7 561 8 378
2 7 607 8 903
2 7 610 8 629
2 7 616 8 705
2 7 621 8 652
2 7 626 8 722
2 7 630 8 735
2 7 634 8 755
2 7 643 8 769
2 7 711 8 546
2 7 720 8 799
2 7 721 8 800
2 7 736 8 1238
2 7 742 8 783
2 7 757 8 795
2 7 807 8 1020
2 7 810 8 1034
2 7 812 8 924
2 7 819 8 1056
2 7 826 8 1072
2 7 829 8 940
2 7 842 8 1085
2 7 843 8 1086
2 7 848 8 949
2 7 851 8 952
2 7 887 8 1145
2 7 896 9 762
2 7 919 8 1173
2 7 924 8 780
3 7 947 8 1067 10 599
2 7 959 8 791
3 7 970 9 1019 10 816
2 7 971 9 1020
2 7 1000 9 1043
2 7 1016 8 824
2 7 1023 8 1170
2 7 1035 8 839
2 7 1042 8 842
2 7 1076 8 819
2 8 354 9 490
2 8 500 9 506
2 8 822 9 835
2 9 6 10 6
2 9 122 10 100
2 9 134 10 105
2 9 187 10 222
2 9 190 10 141
2 9 197 10 154
2 9 198 10 155
2 9 219 10 117
2 9 260 10 212
2 9 266 10 139
2 9 270 10 239
2 9 271 10 240
2 9 272 10 241
2 9 274 10 242
2 9 276 10 249
2 9 277 10 358
2 9 283 10 252
2 9 294 10 364
2 9 295 10 251
2 9 346 10 435
2 9 356 10 301
2 9 359 10 302
2 9 377 10 318
2 9 400 10 332
2 9 403 10 340
2 9 421 10 356
2 9 428 10 361
2 9 440 10 363
2 9 455 10 397
2 9 528 10 441
2 9 529 10 442
2 9 541 10 338
2 9 694 10 455
2 9 756 10 986
2 9 806 10 798
2 9 807 10 799
2 9 849 10 851
2 9 851 10 855
2 9 883 10 886
2 9 888 10 1118
2 9 943 10 978
2 9 1009 10 1042
2 9 1010 10 1043
2 9 1040 10 1053
2 9 1108 10 1095
2 9 1111 10 1092
